102.300000004470
104.383333437145
106.416666805744
108.400000110269
110.399999991059
112.400000039488
114.433333408087
116.433333456516
118.416666761041
120.433333385736
124.316666778177
126.416666787118
128.433333411813
130.433333460242
132.416666764766
134.416666645557
136.450000014156
138.416666742414
140.416666790843
142.433333415538
144.433333463967
146.433333344758
148.450000137091
150.416666697711
152.416666746140
154.433333370835
156.433333419263
158.866666797549
160.416666772217
162.416666653007
164.433333445340
166.483333390206
168.483333438635
170.483333319426
172.500000111759
174.583333376795
176.500000040978
178.500000089407
180.533333458006
182.316666673869
184.400000106543
186.450000051409
188.400000035763
190.416666660458
192.433333452791
194.416666757315
196.416666805744
198.416666686535
200.450000055134
202.450000103563
204.466666728258
206.466666776687
208.466666657478
210.466666705906
212.433333434165
214.450000058860
216.450000107288
218.449999988079
220.466666780412